0.000000000000000000e+00 0.000000000000000000e+00
8.725661576915262965e-03 -1.094226840363005104e-02
1.745132315383052593e-02 -2.188453680726010209e-02
2.617698473074579063e-02 -3.282680521089015313e-02
3.490264630766105186e-02 -4.376907361452020417e-02
4.362830788457631309e-02 -5.471134201815025522e-02
5.235396946149158126e-02 -6.565361042178030626e-02
6.107963103840684249e-02 -7.659587882541035730e-02
6.980529261532210372e-02 -8.753814722904040835e-02
7.853095419223736495e-02 -9.848041563267045939e-02
8.725661576915262618e-02 -1.094226840363005104e-01
9.598227734606788741e-02 -1.203649524399305476e-01
1.047079389229831625e-01 -1.313072208435606125e-01
1.134336004998984238e-01 -1.422494892471906636e-01
1.221592620768136850e-01 -1.531917576508207146e-01
1.308849236537289462e-01 -1.641340260544507657e-01
1.376211831034238053e-01 -1.520137432603763106e-01
1.443574425531186645e-01 -1.398934604663018832e-01
1.510937020028135236e-01 -1.277731776722274282e-01
1.578299614525083827e-01 -1.156528948781529870e-01
1.645662209022032418e-01 -1.035326120840785458e-01
1.713024803518981010e-01 -9.141232929000410456e-02
1.780387398015929601e-01 -7.929204649592964949e-02
1.847749992512877915e-01 -6.717176370185520828e-02
1.915112587009826783e-01 -5.505148090778075320e-02
1.982475181506775375e-01 -4.293119811370631200e-02
2.049837776003723688e-01 -3.081091531963187080e-02
2.117200370500672280e-01 -1.869063252555744348e-02
2.184562964997620871e-01 -6.570349731482960642e-03
2.251925559494569462e-01 5.549933062591466681e-03
2.320627420507205274e-01 1.791118473602668071e-02
2.389329281519841086e-01 3.027243640946189474e-02
2.458031142532476898e-01 4.263368808289710182e-02
2.526733003545112433e-01 5.499493975633232279e-02
2.595434864557748522e-01 6.735619142976753682e-02
2.664136725570384057e-01 7.971744310320273696e-02
2.732838586583019591e-01 9.207869477663795099e-02
2.801540447595655681e-01 1.044399464500731789e-01
2.870242308608291215e-01 1.168011981235083790e-01
2.938944169620927305e-01 1.291624497969435792e-01
3.007646030633562839e-01 1.415237014703788210e-01
3.076347891646198374e-01 1.538849531438140072e-01
3.145049752658834463e-01 1.662462048172492490e-01
3.213751613671469998e-01 1.786074564906844353e-01
3.282453474684106087e-01 1.909687081641196493e-01
3.351155335696741622e-01 2.033299598375548911e-01
3.419857196709377711e-01 2.156912115109900774e-01
3.488559057722013246e-01 2.280524631844252914e-01
3.557260918734649335e-01 2.404137148578605054e-01
3.625962779747284870e-01 2.527749665312957195e-01
3.694664640759920404e-01 2.651362182047309335e-01
3.763366501772556494e-01 2.774974698781661475e-01
3.832068362785192028e-01 2.898587215516013615e-01
3.900770223797828118e-01 3.022199732250365756e-01
3.969472084810463652e-01 3.145812248984717896e-01
4.038173945823099187e-01 3.269424765719070036e-01
4.106875806835735276e-01 3.393037282453422177e-01
4.175577667848370811e-01 3.516649799187774317e-01
4.244279528861006900e-01 3.640262315922126457e-01
4.312981389873642435e-01 3.763874832656478597e-01
4.381683250886277969e-01 3.887487349390830738e-01
4.450385111898914059e-01 4.011099866125182878e-01
4.519086972911549593e-01 4.134712382859535018e-01
4.587788833924185683e-01 4.258324899593887158e-01
4.656490694936821217e-01 4.381937416328239299e-01
4.725192555949456752e-01 4.505549933062591439e-01
4.793894416962092841e-01 4.629162449796943579e-01
4.862596277974728376e-01 4.752774966531295719e-01
4.931298138987364466e-01 4.876387483265647860e-01
5.000000000000000000e-01 5.000000000000000000e-01
